# This file may be used to create an environment using:
# $ conda create --name <env> --file <this file>
# platform: linux-64
_libgcc_mutex=0.1=main
astroid=2.4.2=py38_0
backcall=0.1.0=py38_0
blas=1.0=mkl
bzip2=1.0.8=h516909a_3
cffi=1.11.5=py36he75722e_1
decorator=4.4.1=py_0
ffmpeg=4.3.1=h167e202_0
freetype=2.9.1=h8a8886c_1
future=0.18.2=py38h32f6830_1
gmp=6.2.0=he1b5a44_2
gnutls=3.6.13=h79a8f9a_0
intel-openmp=2019.1=144
ipykernel=5.1.4=py38h39e3cac_0
ipython=7.12.0=py38h5ca1d4c_0
ipython_genutils=0.2.0=py38_0
isort=4.3.21=py38_0
jedi=0.16.0=py38_0
jpeg=9b=h024ee3a_2
lame=3.100=h14c3975_1001
lazy-object-proxy=1.4.3=py38h7b6447c_0
ld_impl_linux-64=2.33.1=h53a641e_7
libedit=3.1.20181209=hc058e9b_0
libffi=3.2.1=hd88cf55_4
libgcc-ng=9.1.0=hdf63c60_0
libgfortran-ng=7.3.0=hdf63c60_0
libiconv=1.16=h516909a_0
libpng=1.6.35=hbc83047_0
libsodium=1.0.16=h1bed415_0
libstdcxx-ng=8.2.0=hdf63c60_1
libtiff=4.0.9=he85c1e1_2
mccabe=0.6.1=py38_1
mkl=2020.0=166
mkl-service=2.3.0=py38he904b0f_0
mkl_fft=1.0.15=py38ha843d7b_0
mkl_random=1.1.0=py38h962f231_0
ncurses=6.1=he6710b0_1
nettle=3.4.1=h1bed415_1002
ninja=1.8.2=py36h6bb024c_1
numpy=1.18.1=py38h4f9e942_0
numpy-base=1.18.1=py38hde5b4d6_1
olefile=0.46=py36_0
openh264=2.1.1=h8b12597_0
openssl=1.1.1g=h516909a_1
parso=0.6.1=py_0
pexpect=4.8.0=py38_0
pickleshare=0.7.5=py38_1000
pillow=5.3.0=py36h34e0f95_0
pip=20.0.2=py38_1
prompt_toolkit=3.0.3=py_0
ptyprocess=0.6.0=py38_0
pycparser=2.19=py36_0
pyglet=1.5.7=py38h32f6830_0
pygments=2.5.2=py_0
pylint=2.5.3=py38_0
python=3.8.1=h0371630_1
python-dateutil=2.8.1=py_0
python_abi=3.8=1_cp38
pytorch=0.4.1=py36_cuda8.0.61_cudnn7.1.2_1
pyzmq=18.1.1=py38he6710b0_0
readline=7.0=h7b6447c_5
scipy=1.1.0=py36hfa4b5c9_1
setuptools=45.2.0=py38_0
six=1.14.0=py38_0
tk=8.6.8=hbc83047_0
toml=0.10.1=py_0
traitlets=4.3.3=py38_0
wcwidth=0.1.8=py_0
wheel=0.34.2=py38_0
wrapt=1.11.2=py38h7b6447c_0
x264=1!152.20180806=h14c3975_0
xz=5.2.4=h14c3975_4
zeromq=4.3.1=he6710b0_3
zlib=1.2.11=h7b6447c_3
